1,1
1,37
1,2
1,0
4,1
4,36
4,2
4,0
3,1
3,28
3,2
3,0
28,3
28,2
0,9
28,1
28,0
21,2
21,1
21,3
19,2
19,1
19,3
20,2
20,1
20,3
7,2
14,115
14,127
14,119
14,203
14,19
14,124
14,161
14,2
14,3
15,18
15,10
15,20
15,2
15,3
13,6
13,4
13,2
13,3
12,6
12,7
12,4
12,5
12,11
12,2
12,3
16,2
16,1
16,3
24,2
24,1
24,3
23,2
23,1
23,3
22,1
22,3
15,30
15,29
18,1
18,3
15,28
15,27
15,26
17,1
17,3
15,25
15,24
15,23
15,22
15,1
15,21
14,316
14,315
14,314
14,313
14,312
14,311
14,310
14,309
14,308
14,307
14,306
14,305
14,304
14,303
14,302
14,301
14,300
14,299
14,298
14,297
14,296
14,295
14,294
14,293
14,292
14,291
14,290
14,289
14,288
14,287
14,286
14,285
14,284
14,283
14,282
14,281
14,280
14,279
14,278
