0,399
0,398
0,397
29,3
29,2
29,1
29,0
0,396
0,395
0,394
28,3
28,2
28,1
28,0
0,393
0,392
0,391
0,390
27,3
27,2
27,1
27,0
0,389
0,388
0,387
0,386
0,385
0,384
26,3
26,2
26,1
26,0
0,319
0,278
0,318
0,317
0,316
0,283
0,243
25,3
25,2
25,1
25,0
24,3
24,2
0,9
24,1
24,0
23,35
17,2
17,1
17,3
15,2
15,1
15,3
16,2
16,1
16,3
3,2
10,164
10,170
10,188
10,88
10,94
10,172
10,2
10,3
11,4
11,10
11,16
11,2
11,3
9,4
9,6
9,2
9,3
8,5
8,8
8,10
8,11
8,2
8,3
12,2
12,1
12,3
20,2
20,1
20,3
19,2
19,1
19,3
11,29
11,28
11,27
18,1
11,26
11,25
18,3
11,24
11,23
14,1
14,3
11,22
13,1
13,3
11,21
11,1
11,20
10,313
10,312
10,311
10,310
10,309
10,308
10,307
10,306
10,305
10,304
10,303
10,302
10,301
10,300
10,299
10,298
