7,2
7,1
7,3
14,289
14,315
14,242
14,90
14,143
14,316
14,220
15,4
15,16
15,25
12,13
12,16
12,7
12,5
12,2
12,3
74,4
74,3
74,2
74,1
74,0
73,4
73,3
73,2
73,1
73,0
70,3
70,2
70,1
70,0
69,3
69,2
69,1
69,0
68,3
68,2
68,1
68,0
67,3
67,2
67,1
66,3
66,1
24,3
24,2
24,1
23,3
23,2
23,1
21,3
22,1
21,2
21,1
20,3
22,3
20,2
20,1
19,3
19,2
19,1
18,3
18,2
18,1
17,3
17,2
17,1
16,3
16,2
16,1
15,30
15,28
15,27
15,20
15,19
15,18
15,17
15,13
15,12
15,11
15,7
15,6
15,5
15,3
15,2
15,1
14,312
14,306
14,292
14,288
14,276
14,268
14,265
14,263
14,255
14,240
14,228
14,216
14,163
14,155
14,148
14,144
