7,3
3,4
0,5
3,293
14,316
14,315
3,292
14,314
3,291
14,313
14,312
3,290
14,311
3,289
14,310
14,309
3,288
14,308
15,30
3,287
14,307
3,286
14,306
14,305
3,285
12,18
12,17
14,304
3,284
14,303
3,283
14,302
14,301
3,282
14,300
3,281
14,299
15,29
14,298
3,280
14,297
3,279
14,296
14,295
3,278
14,294
3,277
14,293
14,292
3,276
14,291
3,275
14,290
14,289
3,274
14,288
3,273
14,287
14,286
3,272
15,28
14,285
3,271
14,284
14,283
3,270
14,282
3,269
13,7
14,281
3,268
14,280
14,279
3,267
14,278
3,266
14,277
14,276
3,265
14,275
3,264
14,274
14,273
3,263
14,272
3,262
14,271
14,270
12,16
3,261
14,269
15,27
3,260
14,268
14,267
3,259
14,266
3,258
14,265
3,257
14,264
14,263
3,256
15,26
14,262
3,255
14,261
3,254
14,260
14,259
3,253
14,258
3,252
14,257
3,251
14,256
15,25
14,255
3,250
14,254
3,249
14,253
14,252
3,248
14,251
3,247
14,250
14,249
3,246
14,248
3,245
14,247
14,246
12,15
3,244
14,245
3,243
14,244
14,243
3,242
14,242
3,241
15,24
14,241
3,240
14,240
14,239
12,14
3,239
14,238
3,238
14,237
14,236
3,237
14,235
3,236
14,234
14,233
3,235
14,232
3,234
14,231
14,230
3,233
14,229
15,23
3,232
14,228
14,227
3,231
14,226
3,230
14,225
3,229
14,224
3,228
14,223
14,222
15,22
3,227
14,221
3,226
14,220
14,219
3,225
14,218
3,224
14,217
14,216
3,223
14,215
3,222
14,214
12,13
12,12
3,221
14,213
15,21
14,212
3,220
14,211
3,219
14,210
14,209
3,218
14,208
3,217
14,207
3,216
14,206
14,205
3,215
14,204
