6,2
6,3
7,7
7,8
7,4
7,9
7,11
7,1
7,13
7,2
7,3
5,4
5,2
5,1
5,3
0,393
0,392
27,4
27,3
27,2
27,1
27,0
0,391
0,390
0,389
0,388
0,387
0,386
0,385
26,3
26,2
26,1
26,0
0,384
0,319
0,278
0,318
0,317
0,316
0,283
0,243
25,3
25,2
25,1
25,0
24,3
24,2
0,9
24,1
24,0
23,52
23,51
23,50
23,49
23,48
23,47
23,46
23,45
23,44
23,43
23,42
23,41
23,40
23,39
23,38
23,37
23,36
23,35
17,2
17,1
17,3
15,2
15,1
15,3
16,2
16,1
16,3
3,2
10,96
10,192
10,2
10,3
11,4
11,6
11,10
11,18
11,2
11,3
9,4
9,6
9,2
9,3
8,6
8,9
8,7
8,5
8,2
8,3
12,2
12,1
12,3
20,2
20,1
20,3
19,2
19,1
19,3
18,1
18,3
14,1
11,29
14,3
13,1
13,3
11,28
11,27
11,26
11,25
11,24
11,23
11,22
11,21
11,1
11,20
10,313
10,312
10,311
10,310
10,309
10,308
10,307
10,306
