1,38
4,37
3,37
1,1
1,37
1,2
1,0
4,1
4,36
4,2
4,0
3,1
3,28
3,2
3,0
28,3
28,2
0,9
28,1
28,0
27,52
27,51
27,50
27,49
27,48
27,47
27,46
27,45
27,44
27,43
27,42
27,41
27,40
27,39
27,38
27,37
27,36
27,35
21,2
21,1
21,3
19,2
19,1
19,3
20,2
20,1
20,3
7,2
14,151
14,195
14,88
14,74
14,70
14,2
14,3
15,16
15,19
15,14
15,2
15,3
13,4
13,6
13,2
13,3
12,7
12,10
12,4
12,6
12,2
12,3
16,2
16,1
16,3
24,2
24,1
24,3
23,2
23,1
23,3
15,30
15,29
15,28
15,27
15,26
15,25
15,24
15,23
15,22
15,1
22,1
22,3
15,21
14,316
14,315
14,314
14,313
14,312
14,311
14,310
14,309
14,308
14,307
14,306
14,305
14,304
14,303
14,302
14,301
14,300
14,299
14,298
14,297
18,1
18,3
14,296
14,295
14,294
14,293
17,1
17,3
14,292
